f_f-kl_divergence_ml	0	26243.6	284580	4595	9184	1.47465	
f_f-kl_divergence_ml	550	1104.61	300480	134	272	4.22481	
f_f-kl_divergence_ml	1100	842.056	305566	108	236	6.96511	
f_f-kl_divergence_ml	1650	642.933	309408	89	192	9.70489	
f_f-kl_divergence_ml	2200	492.237	312509	89	178	12.44	
f_f-kl_divergence_ml	2750	396.018	315080	79	161	15.1935	
f_f-kl_divergence_ml	3300	353.564	317171	76	163	17.9317	
f_f-kl_divergence_ml	3850	300.977	319001	78	146	20.7145	
f_f-kl_divergence_ml	4400	283.033	320579	76	151	23.4683	
f_f-kl_divergence_ml	4950	251.598	322012	83	156	26.2444	
f_f-kl_divergence_ml	5500	229.579	323274	74	150	28.9879	
f_f-kl_divergence_ml	6050	210.091	324428	75	145	31.7416	
f_f-kl_divergence_ml	6600	199.617	325472	75	143	34.4845	
f_f-kl_divergence_ml	7150	188.417	326450	73	138	37.2244	
f_f-kl_divergence_ml	7700	181.737	327364	75	150	39.9636	
f_f-kl_divergence_ml	8250	172.038	328159	75	143	42.7035	
f_f-kl_divergence_ml	8800	160.594	328956	76	142	45.442	
f_f-kl_divergence_ml	9350	156.28	329671	73	138	48.1918	
f_f-kl_divergence_ml	9900	152.225	330376	75	140	50.9426	
f_f-kl_divergence_ml	10450	144.247	331031	73	138	53.6792	
f_f-kl_divergence_ml	11000	143.488	331643	70	143	56.6666	
cp_cp_f-kl_divergence_ml	0	37579.7	37265.7	4599	9269	8.77177	
cp_cp_f-kl_divergence_ml	550	2451.49	40653.4	291	617	35.2382	
cp_cp_f-kl_divergence_ml	1100	1901.97	41869.2	227	475	61.5247	
cp_cp_f-kl_divergence_ml	1650	1540	42810.1	188	410	87.9351	
cp_cp_f-kl_divergence_ml	2200	1328.75	43537.7	171	365	114.387	
cp_cp_f-kl_divergence_ml	2750	1228.36	44225	170	367	140.703	
cp_cp_f-kl_divergence_ml	3300	1132.14	44813	149	339	167.059	
cp_cp_f-kl_divergence_ml	3850	1047.9	45366.5	155	310	193.442	
cp_cp_f-kl_divergence_ml	4400	966.269	45829.6	145	310	219.832	
cp_cp_f-kl_divergence_ml	4950	904.458	46300.2	134	304	246.201	
cp_cp_f-kl_divergence_ml	5500	864.241	46733.3	140	302	272.641	
cp_cp_f-kl_divergence_ml	6050	825.148	47121.9	131	301	298.925	
cp_cp_f-kl_divergence_ml	6600	796.445	47499	133	300	325.338	
cp_cp_f-kl_divergence_ml	7150	788.13	47859.2	132	304	351.656	
cp_cp_f-kl_divergence_ml	7700	750.616	48214.5	131	295	378.396	
cp_cp_f-kl_divergence_ml	8250	732	48538.1	128	308	404.755	
cp_cp_f-kl_divergence_ml	8800	675.428	48841.9	127	279	431.046	
cp_cp_f-kl_divergence_ml	9350	710.228	49133.6	130	286	457.414	
cp_cp_f-kl_divergence_ml	9900	636.301	49392.8	126	281	483.69	
cp_cp_f-kl_divergence_ml	10450	620.711	49661	120	287	510.147	
cp_cp_f-kl_divergence_ml	11000	606.116	49913.8	127	281	536.481	
